140
220
92
142
140
220
92
142
140
220
92
142
140
220
92
142
140
220
92
142
140
220
92
142
140
220
92
142
140
220
92
142
140
220
92
142
140
220
92
142
140
220
92
142
140
220
92
142
140
220
92
142
140
220
92
142
140
220
92
142
140
220
92
142
140
220
85
142
140
220
78
142
140
220
71
142
140
220
71
142
140
220
71
142
140
220
71
142
140
220
71
142
140
220
71
142
140
220
78
142
140
220
85
142
140
220
92
142
140
220
99
142
140
220
106
142
140
220
106
142
140
220
106
142
140
220
106
142
140
220
106
142
140
220
99
142
140
220
92
142
140
220
85
142
140
220
78
142
140
220
78
142
140
220
78
142
140
220
78
142
140
220
85
142
140
220
92
142
140
220
99
142
140
220
99
142
140
220
99
142
140
220
99
142
140
220
99
142
140
220
99
142
140
220
99
142
140
220
99
142
140
220
99
142
140
220
99
142
140
220
99
142
140
220
99
142
140
220
99
142
140
220
99
142
140
220
99
142
140
220
99
142
140
220
99
142
140
220
99
142
140
220
