99
142
140
220
99
142
140
220
99
142
140
220
99
142
140
220
99
142
140
220
99
142
140
220
99
142
140
220
99
142
140
220
99
142
140
220
99
142
140
220
99
142
140
220
99
142
140
220
99
142
140
220
99
142
140
220
99
142
133
220
99
142
126
220
99
142
119
220
99
142
112
220
99
142
112
220
99
142
112
220
99
142
119
220
99
142
126
220
99
142
133
220
99
142
140
220
99
142
140
220
99
142
140
220
99
142
140
220
99
142
140
220
99
142
140
220
99
142
140
220
99
142
133
220
99
142
140
220
99
142
133
220
99
142
126
220
99
142
119
220
99
142
112
220
99
142
105
220
99
142
98
220
99
142
98
220
99
142
98
220
99
142
98
220
99
142
98
220
92
142
98
220
85
142
98
220
78
142
98
220
71
142
98
220
64
142
98
220
64
142
98
220
64
142
98
220
71
142
98
220
78
142
98
220
85
142
98
220
92
142
98
220
99
142
98
220
106
142
98
220
106
142
98
220
106
142
98
220
106
142
98
220
106
142
98
220
106
142
98
220
106
142
98
220
106
142
98
220
106
142
98
220
106
142
98
220
106
142
98
220
106
142
98
220
106
142
98
220
106
142
98
220
106
